1 95.733849
3 13.212296
5 7.482615
7 5.235478
9 5.610338
11 5.301307
13 4.744525
15 4.999794
17 4.897365
19 4.880365
21 4.157321
23 4.755049
25 4.351967
27 5.168241
29 4.364129
31 4.882364
33 4.742471
35 4.489718
37 4.922533
39 4.844876
41 5.014289
43 4.536270
45 4.575720
47 4.897871
49 4.443890
51 4.369474
53 4.599275
55 4.848887
57 4.735546
59 4.419248
61 4.480630
63 4.883165
65 4.759805
67 4.537952
69 4.686800
71 4.828851
73 5.057853
75 4.188670
77 4.506350
79 4.497396
81 4.583099
83 4.816892
85 4.856837
87 4.682953
89 4.524855
91 4.493709
93 4.806763
95 4.585683
97 5.049416
99 4.385621
101 4.781632
103 4.914486
105 4.893258
107 4.530670
109 4.719156
111 4.615081
113 4.482854
115 4.803291
117 4.615280
119 4.230445
121 4.604496
123 4.360331
125 4.422719
127 4.267758
129 4.493842
131 4.643380
133 4.485798
135 4.403143
137 4.388161
139 4.412768
141 4.722435
143 4.737135
145 3.909456
147 4.618629
149 4.526712
151 5.022538
153 4.687222
155 4.532922
157 4.678182
159 4.353470
161 4.815361
163 4.469251
165 4.650523
167 4.489985
169 4.332930
171 4.646417
173 5.086799
175 4.708050
177 4.657354
179 4.553260
181 4.332945
183 4.720933
185 4.973186
187 4.843401
189 4.896923
191 4.923136
193 4.673188
195 4.625388
197 4.750533
199 4.604298
